-2.59928452917533
0.8520132672823921
0.02518235005766475
-0.1469099800412479
-0.1037532336600721
0.24198842541319213
-0.05971814716309667
-0.04376764862672709
0.12817543175203647
-0.1700826542885364
0.15333869389078258
0.01993277821520765
-0.14221860534137004
0.0724782048095028
-0.15216741786372306
-0.23715650613549985
-0.06579373640603053
-0.14588694688945644
-0.09525395584083993
-0.018756527902575985
0.05239790845927259
-0.09743294150446258
-0.11604955246367417
-0.019676517817461166
1.0952733380104746e-05
-0.028728004996744046
-0.09599542320063223
-0.017826528845575517
-0.02257758563153189
0.01791589538231296
-0.0011625973212940621
0.03579003710614696
-0.0810612034638713
0.008594658869451832
-0.008469507106706244
-0.04363366955155133
-0.0806758288508316
-0.03323049779212071
0.012794195632758791
0.008457515698474624
-0.06217776799722641
-0.008218543820672317
-0.019903409217899664
-0.041591088717788334
-0.007085971691360176
-0.06160950645240923
-0.04757618552168929
-0.011725689195311343
0.025037516578196348
0.006111994152119528
-0.0544670471069619
-0.044537874907167055
-0.038689436647653994
-0.03122176551235024
-0.023074210021523194
-0.05376895744958732
0.04224361292754869
-0.02325017736435478
-0.06975347049757048
-0.026208462478491762
-0.05783753778907126
0.032947830241382495
0.021546200626943977
0.019767210220925722
0.04249086822028196
0.09358596573975687
0.2984416821263516
0.2587361231770446
0.06825903227455202
0.03176952158798073
0.03942282070528552
-0.010860249327837045
-0.010378308686266382
-0.05858320615655431
0.028331746890749545
-0.027130478058904423
0.024882477751291897
0.011619386924149665
0.02518520083280738
0.0022408005463984536
-0.006658646608025959
0.00767776525172306
-0.0169302105432037
-0.025104924458851697
0.0038401228835295556
-0.012030979819085835
-0.05317083926298191
0.0064304008461745655
0.0165436615044028
0.01277748158160304
-0.05437106390124804
0.015355469131259448
-0.007396595312083715
-0.010222665564468691
-0.016976317592828957
0.008178699100587687
-0.049736265521478765
-0.023483620264081535
-0.05611419513063032
0.02587216146443486
0.018643646654172896
0.03634579346734923
-0.05341027397676611
-0.060611304414044505
0.009335039461248532
-0.024419396048935824
-0.047551990102373376
0.010539776071212637
-0.007803904783508106
-0.06252143355131483
-0.0067231746444477245
-0.04407212213385372
-0.040054163576184576
0.06234192090807217
-0.019477347500069603
-0.04424028649933867
0.009126349029692733
0.02821527545713516
-0.04943277460733226
-0.028837399421961563
0.005827792126411895
-0.0088500013627151
-0.009015826482119512
-0.010475958793239343
-0.00015055070083932337
0.03321551593479058
-0.024839347257721623
-0.0030719623774796284
0.02236340224851796
0.0027334900075227705
0.022345055777279067
-0.01042013403028379
0.10539297125000055
0.20552788547836548
0.045389165930766445
-0.028278492700133134
-0.00886894360220392
-0.020685397117381106
-0.01413562224558785
-0.031775784053441114
-0.03144761906670042
-0.015108999604664407
-0.019953518558190927
-0.04444463769042128
-0.049634993424293034
0.001296849405951754
0.00583927453087159
0.004641419830040121
-0.015048595800825699
0.025943122204756707
0.010741384441283544
-0.016505736193593027
0.003235656267229976
0.021142359797112084
-0.024860786002560028
-0.014516369951181239
-0.032343025553630986
-0.010962301438401946
0.016567187913232327
0.006654138555333972
-0.012967494029757082
-0.01899637650936248
0.02232212085728548
-0.016442225133499747
0.013658721685694175
-0.011525012838795012
-0.017202666047146757
-0.0011620831553517804
-0.008034045567512577
0.00329448170623712
0.028533873946737048
0.015582459826605832
-0.013410492767342082
0.023698703329056766
0.008723195303632776
-0.001760803055207311
0.0064393158267094
-0.006353030009560053
0.0007993461585761724
-0.02653172540170183
-0.007582684238114451
-0.0394475077213589
0.008134176613893492
0.011994851296124598
0.01111903101607278
0.045695753216596524
-0.022345615924743555
0.020229636345637354
0.0017725698632327508
0.0018969341506502868
-0.022802412268839944
0.011015405286016994
-0.0011072437004481656
-0.02178446842618058
-0.006347987063429275
-0.02877046222875845
-0.041701477056910505
-0.012626709953241243
-0.019859399071146415
-0.006275796545367878
-0.007318125562187503
-0.00845573618461886
-0.03853485803131114
0.012257095798872424
-0.005167723645515675
0.0001565674102766909
0.025802035226316248
0.00022996624908459178
-0.044392613496149966
0.023666021340002927
0.02497739555108169
-0.02773788634273934
-0.012944532357668077
-0.011893111795951612
-0.05108049013715045
-0.002549257524551395
0.012470658394424725
-0.022155944709706513
-0.006497089456014092
0.01480909985478266
-0.014354837107860452
-0.015808868467078796
-0.009849314484740591
0.02677171277172429
-0.005920011575080215
0.020195444311821138
-0.04135530468688946
0.026528845517739687
0.0006504253443053287
-0.019216222747711918
0.008205225305744933
0.013089197157323984
0.00433233802351724
-0.0064256095494411684
0.012187206930444117
0.015771079105897028
0.0021885679259824042
-0.03654547424159203
0.013068298790313543
0.00010858649107768625
-0.008593891433978477
-0.004286417219198729
0.028263638897528455
0.010609715789007147
0.01060114935353694
0.0005902068791058951
-0.05733617026349809
0.010816157848602015
-0.013254742081488115
-0.013077991433299983
-0.024149056720390596
-0.0029732581202079472
-0.012991518592810274
0.007200234916943313
-0.02787662816261343
-0.011459301887781936
0.01471170328947835
-0.011459301887782047
-0.027876628162613434
0.007200234916943285
-0.012991518592810253
-0.002973258120207961
-0.02414905672039059
-0.013077991433299962
-0.013254742081488115
0.010816157848602043
-0.05733617026349808
0.0005902068791059038
0.01060114935353694
0.010609715789007133
0.028263638897528462
-0.004286417219198729
-0.008593891433978477
0.00010858649107767238
0.01306829879031355
-0.03654547424159203
0.0021885679259823973
0.015771079105897035
0.012187206930444103
-0.006425609549441182
0.004332338023517245
0.013089197157324001
0.008205225305744933
-0.019216222747711936
0.0006504253443053408
0.02652884551773968
-0.04135530468688947
0.020195444311821156
-0.005920011575080215
0.026771712771724288
-0.009849314484740588
-0.01580886846707882
-0.014354837107860452
0.014809099854782652
-0.006497089456014085
-0.0221559447097065
0.01247065839442471
-0.002549257524551428
-0.05108049013715045
-0.011893111795951622
-0.012944532357668076
-0.027737886342739354
0.0249773955510817
0.023666021340002945
-0.044392613496149966
0.00022996624908459351
0.025802035226316234
0.00015656741027670132
-0.00516772364551565
0.012257095798872426
-0.03853485803131114
-0.00845573618461885
-0.007318125562187503
-0.006275796545367869
-0.019859399071146436
-0.012626709953241238
-0.04170147705691052
-0.028770462228758464
-0.00634798706342931
-0.021784468426180557
-0.0011072437004481656
0.011015405286017008
-0.022802412268839944
0.0018969341506502313
0.00177256986323273
0.020229636345637323
-0.02234561592474357
0.04569575321659653
0.011119031016072778
0.011994851296124598
0.008134176613893502
-0.039447507721358896
-0.007582684238114463
-0.026531725401701834
0.000799346158576169
-0.006353030009560038
0.006439315826709406
-0.0017608030552073353
0.008723195303632775
0.02369870332905678
-0.013410492767342085
0.015582459826605829
0.02853387394673705
0.0032944817062371154
-0.00803404556751258
-0.0011620831553517787
-0.017202666047146757
-0.011525012838795031
0.01365872168569417
-0.016442225133499726
0.022322120857285493
-0.0189963765093625
-0.012967494029757082
0.006654138555333981
0.01656718791323233
-0.01096230143840193
-0.032343025553630986
-0.014516369951181246
-0.024860786002560028
0.021142359797112077
0.0032356562672299785
-0.01650573619359301
0.01074138444128353
0.02594312220475672
-0.01504859580082571
0.004641419830040114
0.005839274530871611
0.001296849405951768
-0.049634993424293034
-0.04444463769042126
-0.019953518558190927
-0.01510899960466442
-0.03144761906670041
-0.03177578405344113
-0.014135622245587835
-0.0206853971173811
-0.008868943602203918
-0.028278492700133145
0.04538916593076643
0.2055278854783655
0.10539297125000055
-0.010420134030283731
0.022345055777279053
0.0027334900075227514
0.02236340224851796
-0.0030719623774796475
-0.024839347257721623
0.03321551593479059
-0.00015055070083933725
-0.01047595879323937
-0.009015826482119516
-0.008850001362715116
0.005827792126411897
-0.028837399421961556
-0.04943277460733226
0.02821527545713516
0.00912634902969274
-0.04424028649933869
-0.019477347500069596
0.062341920908072175
-0.040054163576184576
-0.044072122133853725
-0.006723174644447718
-0.06252143355131484
-0.007803904783508105
0.010539776071212637
-0.04755199010237337
-0.024419396048935834
0.009335039461248527
-0.06061130441404451
-0.05341027397676612
0.03634579346734923
0.018643646654172882
0.02587216146443487
-0.056114195130630325
-0.02348362026408156
-0.049736265521478765
0.00817869910058771
-0.01697631759282897
-0.010222665564468696
-0.007396595312083714
0.015355469131259436
-0.05437106390124805
0.012777481581603058
0.01654366150440279
0.006430400846174575
-0.0531708392629819
-0.012030979819085845
0.0038401228835295695
-0.025104924458851704
-0.0169302105432037
0.0076777652517230465
-0.006658646608025953
0.002240800546398449
0.025185200832807376
0.01161938692414967
0.02488247775129191
-0.027130478058904405
0.02833174689074955
-0.058583206156554324
-0.010378308686266376
-0.010860249327837048
0.039422820705285536
0.03176952158798072
0.06825903227455202
0.25873612317704453
0.2984416821263516
0.09358596573975683
0.04249086822028196
0.01976721022092574
0.02154620062694397
0.03294783024138248
-0.05783753778907126
-0.026208462478491755
-0.06975347049757047
-0.02325017736435476
0.042243612927548704
-0.053768957449587325
-0.02307421002152318
-0.03122176551235025
-0.038689436647654
-0.04453787490716706
-0.054467047106961916
0.006111994152119538
0.025037516578196348
-0.011725689195311317
-0.04757618552168927
-0.061609506452409216
-0.007085971691360174
-0.04159108871778834
-0.019903409217899657
-0.008218543820672322
-0.06217776799722642
0.008457515698474626
0.012794195632758791
-0.033230497792120714
-0.0806758288508316
-0.04363366955155133
-0.008469507106706258
0.008594658869451799
-0.0810612034638713
0.035790037106147
-0.0011625973212940656
0.01791589538231296
-0.022577585631531887
-0.0178265288455755
-0.0959954232006322
-0.028728004996744064
1.0952733380102577e-05
-0.019676517817461176
-0.11604955246367415
-0.09743294150446258
0.0523979084592726
-0.01875652790257599
-0.09525395584083993
-0.14588694688945647
-0.06579373640603053
-0.23715650613549982
-0.15216741786372304
0.0724782048095028
-0.14221860534137004
0.019932778215207638
0.15333869389078258
-0.17008265428853636
0.12817543175203647
-0.04376764862672708
-0.05971814716309666
0.2419884254131921
-0.10375323366007211
-0.14690998004124795
0.02518235005766476
0.8520132672823921
